0 0.00234445 0.00641519 0.0379075 0.123001 0.0247525 -0.123153 -1.6129 1.21951 0.055371 0.00886446 0.00262274 0.0109373 -0.103413 0.0937207 -0.793651 0.00541712 0.00549179 0.0144739 0.0579374 0.0501756 0.0674309 0.00215703 0.189036 -0.0626959 0.00547256 0.00591891 0.19084 0.0407 0.175439 0.0602047 0.0181488 -0.18622 0.0264831 -0.112486 -0.182149 -0.0442478 0.0587889 0.15748 -0.0859106 0.515464 -0.0949668 -0.0484496 0.621118 0.0566251 0.215983 -0.122549 -0.157729 0.0804505 0.17762 -16.6667 -0.257069 0.174216
0.0127779 0 0.00641519 0.0379075 0.123001 0.0247525 -0.123153 -1.6129 1.21951 0.055371 0.00886446 0.00262274 0.0109373 -0.103413 0.0937207 -0.793651 0.00541712 0.00549179 0.0144739 0.0579374 0.0501756 0.0674309 0.00215703 0.189036 -0.0626959 0.00547256 0.00591891 0.19084 0.0407 0.175439 0.0602047 0.0181488 -0.18622 0.0264831 -0.112486 -0.182149 -0.0442478 0.0587889 0.15748 -0.0859106 0.515464 -0.0949668 -0.0484496 0.621118 0.0566251 0.215983 -0.122549 -0.157729 0.0804505 0.17762 -16.6667 -0.257069 0.174216
0.0127779 0.00234445 0 0.0379075 0.123001 0.0247525 -0.123153 -1.6129 1.21951 0.055371 0.00886446 0.00262274 0.0109373 -0.103413 0.0937207 -0.793651 0.00541712 0.00549179 0.0144739 0.0579374 0.0501756 0.0674309 0.00215703 0.189036 -0.0626959 0.00547256 0.00591891 0.19084 0.0407 0.175439 0.0602047 0.0181488 -0.18622 0.0264831 -0.112486 -0.182149 -0.0442478 0.0587889 0.15748 -0.0859107 0.515464 -0.0949668 -0.0484496 0.621118 0.0566251 0.215983 -0.122549 -0.157729 0.0804505 0.17762 -16.6667 -0.257069 0.174216
0.0127779 0.00234445 0.00641519 0 0.123001 0.0247525 -0.123153 -1.6129 1.21951 0.055371 0.00886446 0.00262274 0.0109373 -0.103413 0.0937207 -0.793651 0.00541712 0.00549179 0.0144739 0.0579374 0.0501756 0.0674309 0.00215703 0.189036 -0.0626959 0.00547256 0.00591891 0.19084 0.0407 0.175439 0.0602047 0.0181488 -0.18622 0.0264831 -0.112486 -0.182149 -0.0442478 0.0587889 0.15748 -0.0859106 0.515464 -0.0949668 -0.0484496 0.621118 0.0566251 0.215983 -0.122549 -0.157729 0.0804505 0.17762 -16.6667 -0.257069 0.174216
0.0127779 0.00234445 0.00641519 0.0379075 0 0.0247525 -0.123153 -1.6129 1.21951 0.055371 0.00886446 0.00262274 0.0109373 -0.103413 0.0937207 -0.793651 0.00541712 0.00549179 0.0144739 0.0579374 0.0501756 0.0674309 0.00215703 0.189036 -0.0626959 0.00547256 0.00591891 0.19084 0.0407 0.175439 0.0602047 0.0181488 -0.18622 0.0264831 -0.112486 -0.182149 -0.0442478 0.0587889 0.15748 -0.0859106 0.515464 -0.0949668 -0.0484496 0.621118 0.0566251 0.215983 -0.122549 -0.157729 0.0804505 0.17762 -16.6667 -0.257069 0.174216
0.0127779 0.00234445 0.00641519 0.0379075 0.123001 0 -0.123153 -1.6129 1.21951 0.055371 0.00886446 0.00262274 0.0109373 -0.103413 0.0937207 -0.793651 0.00541712 0.00549179 0.0144739 0.0579374 0.0501756 0.0674309 0.00215703 0.189036 -0.0626959 0.00547255 0.00591891 0.19084 0.0407 0.175439 0.0602047 0.0181488 -0.18622 0.0264831 -0.112486 -0.182149 -0.0442478 0.0587889 0.15748 -0.0859106 0.515464 -0.0949668 -0.0484496 0.621118 0.0566251 0.215983 -0.122549 -0.157729 0.0804505 0.17762 -16.6667 -0.257069 0.174216
0.0127779 0.00234445 0.00641519 0.0379075 0.123001 0.0247525 0 -1.6129 1.21951 0.055371 0.00886446 0.00262274 0.0109373 -0.103413 0.0937207 -0.793651 0.00541712 0.00549179 0.0144739 0.0579374 0.0501756 0.0674309 0.00215703 0.189036 -0.0626959 0.00547256 0.00591891 0.19084 0.0407 0.175439 0.0602047 0.0181488 -0.18622 0.0264831 -0.112486 -0.182149 -0.0442478 0.0587889 0.15748 -0.0859106 0.515464 -0.0949668 -0.0484496 0.621118 0.0566251 0.215983 -0.122549 -0.157729 0.0804505 0.17762 -16.6667 -0.257069 0.174216
0.0127779 0.00234445 0.00641519 0.0379075 0.123001 0.0247525 -0.123153 0 1.21951 0.055371 0.00886446 0.00262274 0.0109373 -0.103413 0.0937207 -0.793651 0.00541712 0.00549179 0.0144739 0.0579374 0.0501756 0.0674309 0.00215703 0.189036 -0.0626959 0.00547256 0.00591891 0.19084 0.0407 0.175439 0.0602047 0.0181488 -0.18622 0.0264831 -0.112486 -0.182149 -0.0442478 0.0587889 0.15748 -0.0859106 0.515464 -0.0949668 -0.0484496 0.621118 0.0566251 0.215983 -0.122549 -0.157729 0.0804505 0.17762 -16.6667 -0.257069 0.174216
0.0127779 0.00234445 0.00641519 0.0379075 0.123001 0.0247525 -0.123153 -1.6129 0 0.055371 0.00886446 0.00262274 0.0109373 -0.103413 0.0937207 -0.793651 0.00541712 0.00549179 0.0144739 0.0579374 0.0501756 0.0674309 0.00215703 0.189036 -0.0626959 0.00547256 0.00591891 0.19084 0.0407 0.175439 0.0602047 0.0181488 -0.18622 0.0264831 -0.112486 -0.182149 -0.0442478 0.0587889 0.15748 -0.0859106 0.515464 -0.0949668 -0.0484496 0.621118 0.0566251 0.215983 -0.122549 -0.157729 0.0804505 0.17762 -16.6667 -0.257069 0.174216
0.0127779 0.00234445 0.00641519 0.0379075 0.123001 0.0247525 -0.123153 -1.6129 1.21951 0 0.00886446 0.00262274 0.0109373 -0.103413 0.0937207 -0.793651 0.00541712 0.00549179 0.0144739 0.0579374 0.0501756 0.0674309 0.00215703 0.189036 -0.0626959 0.00547256 0.00591891 0.19084 0.0407 0.175439 0.0602047 0.0181488 -0.18622 0.0264831 -0.112486 -0.182149 -0.0442478 0.0587889 0.15748 -0.0859107 0.515464 -0.0949668 -0.0484496 0.621118 0.0566251 0.215983 -0.122549 -0.157729 0.0804505 0.17762 -16.6667 -0.257069 0.174216
0.0127779 0.00234445 0.00641519 0.0379075 0.123001 0.0247525 -0.123153 -1.6129 1.21951 0.055371 0 0.00262274 0.0109373 -0.103413 0.0937207 -0.793651 0.00541712 0.00549179 0.0144739 0.0579374 0.0501756 0.0674309 0.00215703 0.189036 -0.0626959 0.00547256 0.00591891 0.19084 0.0407 0.175439 0.0602047 0.0181488 -0.18622 0.0264831 -0.112486 -0.182149 -0.0442478 0.0587889 0.15748 -0.0859107 0.515464 -0.0949668 -0.0484496 0.621118 0.0566251 0.215983 -0.122549 -0.157729 0.0804505 0.17762 -16.6667 -0.257069 0.174216
0.0127779 0.00234445 0.00641519 0.0379075 0.123001 0.0247525 -0.123153 -1.6129 1.21951 0.055371 0.00886446 0 0.0109373 -0.103413 0.0937207 -0.793651 0.00541712 0.00549179 0.0144739 0.0579374 0.0501756 0.0674309 0.00215703 0.189036 -0.0626959 0.00547256 0.00591891 0.19084 0.0407 0.175439 0.0602047 0.0181488 -0.18622 0.0264831 -0.112486 -0.182149 -0.0442478 0.0587889 0.15748 -0.0859106 0.515464 -0.0949668 -0.0484496 0.621118 0.0566251 0.215983 -0.122549 -0.157729 0.0804505 0.17762 -16.6667 -0.257069 0.174216
0.0127779 0.00234445 0.00641519 0.0379075 0.123001 0.0247525 -0.123153 -1.6129 1.21951 0.055371 0.00886446 0.00262274 0 -0.103413 0.0937207 -0.793651 0.00541712 0.00549179 0.0144739 0.0579374 0.0501756 0.0674309 0.00215703 0.189036 -0.0626959 0.00547255 0.00591891 0.19084 0.0407 0.175439 0.0602047 0.0181488 -0.18622 0.0264831 -0.112486 -0.182149 -0.0442478 0.0587889 0.15748 -0.0859106 0.515464 -0.0949668 -0.0484496 0.621118 0.0566251 0.215983 -0.122549 -0.157729 0.0804505 0.17762 -16.6667 -0.257069 0.174216
0.0127779 0.00234445 0.00641519 0.0379075 0.123001 0.0247525 -0.123153 -1.6129 1.21951 0.055371 0.00886446 0.00262274 0.0109373 0 0.0937207 -0.793651 0.00541712 0.00549179 0.0144739 0.0579374 0.0501756 0.0674309 0.00215703 0.189036 -0.0626959 0.00547256 0.00591891 0.19084 0.0407 0.175439 0.0602047 0.0181488 -0.18622 0.0264831 -0.112486 -0.182149 -0.0442478 0.0587889 0.15748 -0.0859106 0.515464 -0.0949668 -0.0484496 0.621118 0.0566251 0.215983 -0.122549 -0.157729 0.0804505 0.17762 -16.6667 -0.257069 0.174216
0.0127779 0.00234445 0.00641519 0.0379075 0.123001 0.0247525 -0.123153 -1.6129 1.21951 0.055371 0.00886446 0.00262274 0.0109373 -0.103413 0 -0.793651 0.00541712 0.00549179 0.0144739 0.0579374 0.0501756 0.0674309 0.00215703 0.189036 -0.0626959 0.00547256 0.00591891 0.19084 0.0407 0.175439 0.0602047 0.0181488 -0.18622 0.0264831 -0.112486 -0.182149 -0.0442478 0.0587889 0.15748 -0.0859107 0.515464 -0.0949668 -0.0484496 0.621118 0.0566251 0.215983 -0.122549 -0.157729 0.0804505 0.17762 -16.6667 -0.257069 0.174216
0.0127779 0.00234445 0.00641519 0.0379075 0.123001 0.0247525 -0.123153 -1.6129 1.21951 0.055371 0.00886446 0.00262274 0.0109373 -0.103413 0.0937207 0 0.00541712 0.00549179 0.0144739 0.0579374 0.0501756 0.0674309 0.00215703 0.189036 -0.0626959 0.00547255 0.00591891 0.19084 0.0407 0.175439 0.0602047 0.0181488 -0.18622 0.0264831 -0.112486 -0.182149 -0.0442478 0.0587889 0.15748 -0.0859106 0.515464 -0.0949668 -0.0484496 0.621118 0.0566251 0.215983 -0.122549 -0.157729 0.0804505 0.17762 -16.6667 -0.257069 0.174216
0.0127779 0.00234445 0.00641519 0.0379075 0.123001 0.0247525 -0.123153 -1.6129 1.21951 0.055371 0.00886446 0.00262274 0.0109373 -0.103413 0.0937207 -0.793651 0 0.00549179 0.0144739 0.0579374 0.0501756 0.0674309 0.00215703 0.189036 -0.0626959 0.00547256 0.00591891 0.19084 0.0407 0.175439 0.0602047 0.0181488 -0.18622 0.0264831 -0.112486 -0.182149 -0.0442478 0.0587889 0.15748 -0.0859107 0.515464 -0.0949668 -0.0484496 0.621118 0.0566251 0.215983 -0.122549 -0.157729 0.0804505 0.17762 -16.6667 -0.257069 0.174216
0.0127779 0.00234445 0.00641519 0.0379075 0.123001 0.0247525 -0.123153 -1.6129 1.21951 0.055371 0.00886446 0.00262274 0.0109373 -0.103413 0.0937207 -0.793651 0.00541712 0 0.0144739 0.0579374 0.0501756 0.0674309 0.00215703 0.189036 -0.0626959 0.00547256 0.00591891 0.19084 0.0407 0.175439 0.0602047 0.0181488 -0.18622 0.0264831 -0.112486 -0.182149 -0.0442478 0.0587889 0.15748 -0.0859107 0.515464 -0.0949668 -0.0484496 0.621118 0.0566251 0.215983 -0.122549 -0.157729 0.0804505 0.17762 -16.6667 -0.257069 0.174216
0.0127779 0.00234445 0.00641519 0.0379075 0.123001 0.0247525 -0.123153 -1.6129 1.21951 0.055371 0.00886446 0.00262274 0.0109373 -0.103413 0.0937207 -0.793651 0.00541712 0.00549179 0 0.0579374 0.0501756 0.0674309 0.00215703 0.189036 -0.0626959 0.00547256 0.00591891 0.19084 0.0407 0.175439 0.0602047 0.0181488 -0.18622 0.0264831 -0.112486 -0.182149 -0.0442478 0.0587889 0.15748 -0.0859107 0.515464 -0.0949668 -0.0484496 0.621118 0.0566251 0.215983 -0.122549 -0.157729 0.0804505 0.17762 -16.6667 -0.257069 0.174216
0.0127779 0.00234445 0.00641519 0.0379075 0.123001 0.0247525 -0.123153 -1.6129 1.21951 0.055371 0.00886446 0.00262274 0.0109373 -0.103413 0.0937207 -0.793651 0.00541712 0.00549179 0.0144739 0 0.0501756 0.0674309 0.00215703 0.189036 -0.0626959 0.00547256 0.00591891 0.19084 0.0407 0.175439 0.0602047 0.0181488 -0.18622 0.0264831 -0.112486 -0.182149 -0.0442478 0.0587889 0.15748 -0.0859106 0.515464 -0.0949668 -0.0484496 0.621118 0.0566251 0.215983 -0.122549 -0.157729 0.0804505 0.17762 -16.6667 -0.257069 0.174216
0.0127779 0.00234445 0.00641519 0.0379075 0.123001 0.0247525 -0.123153 -1.6129 1.21951 0.055371 0.00886446 0.00262274 0.0109373 -0.103413 0.0937207 -0.793651 0.00541712 0.00549179 0.0144739 0.0579374 0 0.0674309 0.00215703 0.189036 -0.0626959 0.00547256 0.00591891 0.19084 0.0407 0.175439 0.0602047 0.0181488 -0.18622 0.0264831 -0.112486 -0.182149 -0.0442478 0.0587889 0.15748 -0.0859107 0.515464 -0.0949668 -0.0484496 0.621118 0.0566251 0.215983 -0.122549 -0.157729 0.0804505 0.17762 -16.6667 -0.257069 0.174216
0.0127779 0.00234445 0.00641519 0.0379075 0.123001 0.0247525 -0.123153 -1.6129 1.21951 0.055371 0.00886446 0.00262274 0.0109373 -0.103413 0.0937207 -0.793651 0.00541712 0.00549179 0.0144739 0.0579374 0.0501756 0 0.00215703 0.189036 -0.0626959 0.00547256 0.00591891 0.19084 0.0407 0.175439 0.0602047 0.0181488 -0.18622 0.0264831 -0.112486 -0.182149 -0.0442478 0.0587889 0.15748 -0.0859107 0.515464 -0.0949668 -0.0484496 0.621118 0.0566251 0.215983 -0.122549 -0.157729 0.0804505 0.17762 -16.6667 -0.257069 0.174216
0.0127779 0.00234445 0.00641519 0.0379075 0.123001 0.0247525 -0.123153 -1.6129 1.21951 0.055371 0.00886446 0.00262274 0.0109373 -0.103413 0.0937207 -0.793651 0.00541712 0.00549179 0.0144739 0.0579374 0.0501756 0.0674309 0 0.189036 -0.0626959 0.00547256 0.00591891 0.19084 0.0407 0.175439 0.0602047 0.0181488 -0.18622 0.0264831 -0.112486 -0.182149 -0.0442478 0.0587889 0.15748 -0.0859106 0.515464 -0.0949668 -0.0484496 0.621118 0.0566251 0.215983 -0.122549 -0.157729 0.0804505 0.17762 -16.6667 -0.257069 0.174216
0.0127779 0.00234445 0.00641519 0.0379075 0.123001 0.0247525 -0.123153 -1.6129 1.21951 0.055371 0.00886446 0.00262274 0.0109373 -0.103413 0.0937207 -0.793651 0.00541712 0.00549179 0.0144739 0.0579374 0.0501756 0.0674309 0.00215703 0 -0.0626959 0.00547256 0.00591891 0.19084 0.0407 0.175439 0.0602047 0.0181488 -0.18622 0.0264831 -0.112486 -0.182149 -0.0442478 0.0587889 0.15748 -0.0859106 0.515464 -0.0949668 -0.0484496 0.621118 0.0566251 0.215983 -0.122549 -0.157729 0.0804505 0.17762 -16.6667 -0.257069 0.174216
0.0127779 0.00234445 0.00641519 0.0379075 0.123001 0.0247525 -0.123153 -1.6129 1.21951 0.055371 0.00886446 0.00262274 0.0109373 -0.103413 0.0937207 -0.793651 0.00541712 0.00549179 0.0144739 0.0579374 0.0501756 0.0674309 0.00215703 0.189036 0 0.00547256 0.00591891 0.19084 0.0407 0.175439 0.0602047 0.0181488 -0.18622 0.0264831 -0.112486 -0.182149 -0.0442478 0.0587889 0.15748 -0.0859107 0.515464 -0.0949668 -0.0484496 0.621118 0.0566251 0.215983 -0.122549 -0.157729 0.0804505 0.17762 -16.6667 -0.257069 0.174216
0.0127779 0.00234445 0.00641519 0.0379075 0.123001 0.0247525 -0.123153 -1.6129 1.21951 0.055371 0.00886446 0.00262274 0.0109373 -0.103413 0.0937207 -0.793651 0.00541712 0.00549179 0.0144739 0.0579374 0.0501756 0.0674309 0.00215703 0.189036 -0.0626959 0 0.00591891 0.19084 0.0407 0.175439 0.0602047 0.0181488 -0.18622 0.0264831 -0.112486 -0.182149 -0.0442478 0.0587889 0.15748 -0.0859106 0.515464 -0.0949668 -0.0484496 0.621118 0.0566251 0.215983 -0.122549 -0.157729 0.0804505 0.17762 -16.6667 -0.257069 0.174216
0.0127779 0.00234445 0.00641519 0.0379075 0.123001 0.0247525 -0.123153 -1.6129 1.21951 0.055371 0.00886446 0.00262274 0.0109373 -0.103413 0.0937207 -0.793651 0.00541712 0.00549179 0.0144739 0.0579374 0.0501756 0.0674309 0.00215703 0.189036 -0.0626959 0.00547256 0 0.19084 0.0407 0.175439 0.0602047 0.0181488 -0.18622 0.0264831 -0.112486 -0.182149 -0.0442478 0.0587889 0.15748 -0.0859107 0.515464 -0.0949668 -0.0484496 0.621118 0.0566251 0.215983 -0.122549 -0.157729 0.0804505 0.17762 -16.6667 -0.257069 0.174216
0.0127779 0.00234445 0.00641519 0.0379075 0.123001 0.0247525 -0.123153 -1.6129 1.21951 0.055371 0.00886446 0.00262274 0.0109373 -0.103413 0.0937207 -0.793651 0.00541712 0.00549179 0.0144739 0.0579374 0.0501756 0.0674309 0.00215703 0.189036 -0.0626959 0.00547256 0.00591891 0 0.0407 0.175439 0.0602047 0.0181488 -0.18622 0.0264831 -0.112486 -0.182149 -0.0442478 0.0587889 0.15748 -0.0859106 0.515464 -0.0949668 -0.0484496 0.621118 0.0566251 0.215983 -0.122549 -0.157729 0.0804505 0.17762 -16.6667 -0.257069 0.174216
0.0127779 0.00234445 0.00641519 0.0379075 0.123001 0.0247525 -0.123153 -1.6129 1.21951 0.055371 0.00886446 0.00262274 0.0109373 -0.103413 0.0937207 -0.793651 0.00541712 0.00549179 0.0144739 0.0579374 0.0501756 0.0674309 0.00215703 0.189036 -0.0626959 0.00547255 0.00591891 0.19084 0 0.175439 0.0602047 0.0181488 -0.18622 0.0264831 -0.112486 -0.182149 -0.0442478 0.0587889 0.15748 -0.0859106 0.515464 -0.0949668 -0.0484496 0.621118 0.0566251 0.215983 -0.122549 -0.157729 0.0804505 0.17762 -16.6667 -0.257069 0.174216
0.0127779 0.00234445 0.00641519 0.0379075 0.123001 0.0247525 -0.123153 -1.6129 1.21951 0.055371 0.00886446 0.00262274 0.0109373 -0.103413 0.0937207 -0.793651 0.00541712 0.00549179 0.0144739 0.0579374 0.0501756 0.0674309 0.00215703 0.189036 -0.0626959 0.00547255 0.00591891 0.19084 0.0407 0 0.0602047 0.0181488 -0.18622 0.0264831 -0.112486 -0.182149 -0.0442478 0.0587889 0.15748 -0.0859106 0.515464 -0.0949668 -0.0484496 0.621118 0.0566251 0.215983 -0.122549 -0.157729 0.0804505 0.17762 -16.6667 -0.257069 0.174216
0.0127779 0.00234445 0.00641519 0.0379075 0.123001 0.0247525 -0.123153 -1.6129 1.21951 0.055371 0.00886446 0.00262274 0.0109373 -0.103413 0.0937207 -0.793651 0.00541712 0.00549179 0.0144739 0.0579374 0.0501756 0.0674309 0.00215703 0.189036 -0.0626959 0.00547256 0.00591891 0.19084 0.0407 0.175439 0 0.0181488 -0.18622 0.0264831 -0.112486 -0.182149 -0.0442478 0.0587889 0.15748 -0.0859107 0.515464 -0.0949668 -0.0484496 0.621118 0.0566251 0.215983 -0.122549 -0.157729 0.0804505 0.17762 -16.6667 -0.257069 0.174216
0.0127779 0.00234445 0.00641519 0.0379075 0.123001 0.0247525 -0.123153 -1.6129 1.21951 0.055371 0.00886446 0.00262274 0.0109373 -0.103413 0.0937207 -0.793651 0.00541712 0.00549179 0.0144739 0.0579374 0.0501756 0.0674309 0.00215703 0.189036 -0.0626959 0.00547256 0.00591891 0.19084 0.0407 0.175439 0.0602047 0 -0.18622 0.0264831 -0.112486 -0.182149 -0.0442478 0.0587889 0.15748 -0.0859106 0.515464 -0.0949668 -0.0484496 0.621118 0.0566251 0.215983 -0.122549 -0.157729 0.0804505 0.17762 -16.6667 -0.257069 0.174216
0.0127779 0.00234445 0.00641519 0.0379075 0.123001 0.0247525 -0.123153 -1.6129 1.21951 0.055371 0.00886446 0.00262274 0.0109373 -0.103413 0.0937207 -0.793651 0.00541712 0.00549179 0.0144739 0.0579374 0.0501756 0.0674309 0.00215703 0.189036 -0.0626959 0.00547255 0.00591891 0.19084 0.0407 0.175439 0.0602047 0.0181488 0 0.0264831 -0.112486 -0.182149 -0.0442478 0.0587889 0.15748 -0.0859107 0.515464 -0.0949668 -0.0484496 0.621118 0.0566251 0.215983 -0.122549 -0.157729 0.0804505 0.17762 -16.6667 -0.257069 0.174216
0.0127779 0.00234445 0.00641519 0.0379075 0.123001 0.0247525 -0.123153 -1.6129 1.21951 0.055371 0.00886446 0.00262274 0.0109373 -0.103413 0.0937207 -0.793651 0.00541712 0.00549179 0.0144739 0.0579374 0.0501756 0.0674309 0.00215703 0.189036 -0.0626959 0.00547256 0.00591891 0.19084 0.0407 0.175439 0.0602047 0.0181488 -0.18622 0 -0.112486 -0.182149 -0.0442478 0.0587889 0.15748 -0.0859106 0.515464 -0.0949668 -0.0484496 0.621118 0.0566251 0.215983 -0.122549 -0.157729 0.0804505 0.17762 -16.6667 -0.257069 0.174216
0.0127779 0.00234445 0.00641519 0.0379075 0.123001 0.0247525 -0.123153 -1.6129 1.21951 0.055371 0.00886446 0.00262274 0.0109373 -0.103413 0.0937207 -0.793651 0.00541712 0.00549179 0.0144739 0.0579374 0.0501756 0.0674309 0.00215703 0.189036 -0.0626959 0.00547256 0.00591891 0.19084 0.0407 0.175439 0.0602047 0.0181488 -0.18622 0.0264831 0 -0.182149 -0.0442478 0.0587889 0.15748 -0.0859106 0.515464 -0.0949668 -0.0484496 0.621118 0.0566251 0.215983 -0.122549 -0.157729 0.0804505 0.17762 -16.6667 -0.257069 0.174216
0.0127779 0.00234445 0.00641519 0.0379075 0.123001 0.0247525 -0.123153 -1.6129 1.21951 0.055371 0.00886446 0.00262274 0.0109373 -0.103413 0.0937207 -0.793651 0.00541712 0.00549179 0.0144739 0.0579374 0.0501756 0.0674309 0.00215703 0.189036 -0.0626959 0.00547256 0.00591891 0.19084 0.0407 0.175439 0.0602047 0.0181488 -0.18622 0.0264831 -0.112486 0 -0.0442478 0.0587889 0.15748 -0.0859106 0.515464 -0.0949668 -0.0484496 0.621118 0.0566251 0.215983 -0.122549 -0.157729 0.0804505 0.17762 -16.6667 -0.257069 0.174216
0.0127779 0.00234445 0.00641519 0.0379075 0.123001 0.0247525 -0.123153 -1.6129 1.21951 0.055371 0.00886446 0.00262274 0.0109373 -0.103413 0.0937207 -0.793651 0.00541712 0.00549179 0.0144739 0.0579374 0.0501756 0.0674309 0.00215703 0.189036 -0.0626959 0.00547256 0.00591891 0.19084 0.0407 0.175439 0.0602047 0.0181488 -0.18622 0.0264831 -0.112486 -0.182149 0 0.0587889 0.15748 -0.0859106 0.515464 -0.0949668 -0.0484496 0.621118 0.0566251 0.215983 -0.122549 -0.157729 0.0804505 0.17762 -16.6667 -0.257069 0.174216
0.0127779 0.00234445 0.00641519 0.0379075 0.123001 0.0247525 -0.123153 -1.6129 1.21951 0.055371 0.00886446 0.00262274 0.0109373 -0.103413 0.0937207 -0.793651 0.00541712 0.00549179 0.0144739 0.0579374 0.0501756 0.0674309 0.00215703 0.189036 -0.0626959 0.00547255 0.00591891 0.19084 0.0407 0.175439 0.0602047 0.0181488 -0.18622 0.0264831 -0.112486 -0.182149 -0.0442478 0 0.15748 -0.0859106 0.515464 -0.0949668 -0.0484496 0.621118 0.0566251 0.215983 -0.122549 -0.157729 0.0804505 0.17762 -16.6667 -0.257069 0.174216
0.0127779 0.00234445 0.00641519 0.0379075 0.123001 0.0247525 -0.123153 -1.6129 1.21951 0.055371 0.00886446 0.00262274 0.0109373 -0.103413 0.0937207 -0.793651 0.00541712 0.00549179 0.0144739 0.0579374 0.0501756 0.0674309 0.00215703 0.189036 -0.0626959 0.00547256 0.00591891 0.19084 0.0407 0.175439 0.0602047 0.0181488 -0.18622 0.0264831 -0.112486 -0.182149 -0.0442478 0.0587889 0 -0.0859106 0.515464 -0.0949668 -0.0484496 0.621118 0.0566251 0.215983 -0.122549 -0.157729 0.0804505 0.17762 -16.6667 -0.257069 0.174216
0.0127779 0.00234445 0.00641519 0.0379075 0.123001 0.0247525 -0.123153 -1.6129 1.21951 0.055371 0.00886446 0.00262274 0.0109373 -0.103413 0.0937207 -0.793651 0.00541712 0.00549179 0.0144739 0.0579374 0.0501756 0.0674309 0.00215703 0.189036 -0.0626959 0.00547255 0.00591891 0.19084 0.0407 0.175439 0.0602047 0.0181488 -0.18622 0.0264831 -0.112486 -0.182149 -0.0442478 0.0587889 0.15748 0 0.515464 -0.0949668 -0.0484496 0.621118 0.0566251 0.215983 -0.122549 -0.157729 0.0804505 0.17762 -16.6667 -0.257069 0.174216
0.0127779 0.00234445 0.00641519 0.0379075 0.123001 0.0247525 -0.123153 -1.6129 1.21951 0.055371 0.00886446 0.00262274 0.0109373 -0.103413 0.0937207 -0.793651 0.00541712 0.00549179 0.0144739 0.0579374 0.0501756 0.0674309 0.00215703 0.189036 -0.0626959 0.00547256 0.00591891 0.19084 0.0407 0.175439 0.0602047 0.0181488 -0.18622 0.0264831 -0.112486 -0.182149 -0.0442478 0.0587889 0.15748 -0.0859106 0 -0.0949668 -0.0484496 0.621118 0.0566251 0.215983 -0.122549 -0.157729 0.0804505 0.17762 -16.6667 -0.257069 0.174216
0.0127779 0.00234445 0.00641519 0.0379075 0.123001 0.0247525 -0.123153 -1.6129 1.21951 0.055371 0.00886446 0.00262274 0.0109373 -0.103413 0.0937207 -0.793651 0.00541712 0.00549179 0.0144739 0.0579374 0.0501756 0.0674309 0.00215703 0.189036 -0.0626959 0.00547256 0.00591891 0.19084 0.0407 0.175439 0.0602047 0.0181488 -0.18622 0.0264831 -0.112486 -0.182149 -0.0442478 0.0587889 0.15748 -0.0859106 0.515464 0 -0.0484496 0.621118 0.0566251 0.215983 -0.122549 -0.157729 0.0804505 0.17762 -16.6667 -0.257069 0.174216
0.0127779 0.00234445 0.00641519 0.0379075 0.123001 0.0247525 -0.123153 -1.6129 1.21951 0.055371 0.00886446 0.00262274 0.0109373 -0.103413 0.0937207 -0.793651 0.00541712 0.00549179 0.0144739 0.0579374 0.0501756 0.0674309 0.00215703 0.189036 -0.0626959 0.00547256 0.00591891 0.19084 0.0407 0.175439 0.0602047 0.0181488 -0.18622 0.0264831 -0.112486 -0.182149 -0.0442478 0.0587889 0.15748 -0.0859106 0.515464 -0.0949668 0 0.621118 0.0566251 0.215983 -0.122549 -0.157729 0.0804505 0.17762 -16.6667 -0.257069 0.174216
0.0127779 0.00234445 0.00641519 0.0379075 0.123001 0.0247525 -0.123153 -1.6129 1.21951 0.055371 0.00886446 0.00262274 0.0109373 -0.103413 0.0937207 -0.793651 0.00541712 0.00549179 0.0144739 0.0579374 0.0501756 0.0674309 0.00215703 0.189036 -0.0626959 0.00547256 0.00591891 0.19084 0.0407 0.175439 0.0602047 0.0181488 -0.18622 0.0264831 -0.112486 -0.182149 -0.0442478 0.0587889 0.15748 -0.0859106 0.515464 -0.0949668 -0.0484496 0 0.0566251 0.215983 -0.122549 -0.157729 0.0804505 0.17762 -16.6667 -0.257069 0.174216
0.0127779 0.00234445 0.00641519 0.0379075 0.123001 0.0247525 -0.123153 -1.6129 1.21951 0.055371 0.00886446 0.00262274 0.0109373 -0.103413 0.0937207 -0.793651 0.00541712 0.00549179 0.0144739 0.0579374 0.0501756 0.0674309 0.00215703 0.189036 -0.0626959 0.00547256 0.00591891 0.19084 0.0407 0.175439 0.0602047 0.0181488 -0.18622 0.0264831 -0.112486 -0.182149 -0.0442478 0.0587889 0.15748 -0.0859106 0.515464 -0.0949668 -0.0484496 0.621118 0 0.215983 -0.122549 -0.157729 0.0804505 0.17762 -16.6667 -0.257069 0.174216
0.0127779 0.00234445 0.00641519 0.0379075 0.123001 0.0247525 -0.123153 -1.6129 1.21951 0.055371 0.00886446 0.00262274 0.0109373 -0.103413 0.0937207 -0.793651 0.00541712 0.00549179 0.0144739 0.0579374 0.0501756 0.0674309 0.00215703 0.189036 -0.0626959 0.00547256 0.00591891 0.19084 0.0407 0.175439 0.0602047 0.0181488 -0.18622 0.0264831 -0.112486 -0.182149 -0.0442478 0.0587889 0.15748 -0.0859106 0.515464 -0.0949668 -0.0484496 0.621118 0.0566251 0 -0.122549 -0.157729 0.0804505 0.17762 -16.6667 -0.257069 0.174216
0.0127779 0.00234445 0.00641519 0.0379075 0.123001 0.0247525 -0.123153 -1.6129 1.21951 0.055371 0.00886446 0.00262274 0.0109373 -0.103413 0.0937207 -0.793651 0.00541712 0.00549179 0.0144739 0.0579374 0.0501756 0.0674309 0.00215703 0.189036 -0.0626959 0.00547256 0.00591891 0.19084 0.0407 0.175439 0.0602047 0.0181488 -0.18622 0.0264831 -0.112486 -0.182149 -0.0442478 0.0587889 0.15748 -0.0859107 0.515464 -0.0949668 -0.0484496 0.621118 0.0566251 0.215983 0 -0.157729 0.0804505 0.17762 -16.6667 -0.257069 0.174216
0.0127779 0.00234445 0.00641519 0.0379075 0.123001 0.0247525 -0.123153 -1.6129 1.21951 0.055371 0.00886446 0.00262274 0.0109373 -0.103413 0.0937207 -0.793651 0.00541712 0.00549179 0.0144739 0.0579374 0.0501756 0.0674309 0.00215703 0.189036 -0.0626959 0.00547256 0.00591891 0.19084 0.0407 0.175439 0.0602047 0.0181488 -0.18622 0.0264831 -0.112486 -0.182149 -0.0442478 0.0587889 0.15748 -0.0859107 0.515464 -0.0949668 -0.0484496 0.621118 0.0566251 0.215983 -0.122549 0 0.0804505 0.17762 -16.6667 -0.257069 0.174216
0.0127779 0.00234445 0.00641519 0.0379075 0.123001 0.0247525 -0.123153 -1.6129 1.21951 0.055371 0.00886446 0.00262274 0.0109373 -0.103413 0.0937207 -0.793651 0.00541712 0.00549179 0.0144739 0.0579374 0.0501756 0.0674309 0.00215703 0.189036 -0.0626959 0.00547256 0.00591891 0.19084 0.0407 0.175439 0.0602047 0.0181488 -0.18622 0.0264831 -0.112486 -0.182149 -0.0442478 0.0587889 0.15748 -0.0859106 0.515464 -0.0949668 -0.0484496 0.621118 0.0566251 0.215983 -0.122549 -0.157729 0 0.17762 -16.6667 -0.257069 0.174216
0.0127779 0.00234445 0.00641519 0.0379075 0.123001 0.0247525 -0.123153 -1.6129 1.21951 0.055371 0.00886446 0.00262274 0.0109373 -0.103413 0.0937207 -0.793651 0.00541712 0.00549179 0.0144739 0.0579374 0.0501756 0.0674309 0.00215703 0.189036 -0.0626959 0.00547256 0.00591891 0.19084 0.0407 0.175439 0.0602047 0.0181488 -0.18622 0.0264831 -0.112486 -0.182149 -0.0442478 0.0587889 0.15748 -0.0859107 0.515464 -0.0949668 -0.0484496 0.621118 0.0566251 0.215983 -0.122549 -0.157729 0.0804505 0 -16.6667 -0.257069 0.174216
0.0127779 0.00234445 0.00641519 0.0379075 0.123001 0.0247525 -0.123153 -1.6129 1.21951 0.055371 0.00886446 0.00262274 0.0109373 -0.103413 0.0937207 -0.793651 0.00541712 0.00549179 0.0144739 0.0579374 0.0501756 0.0674309 0.00215703 0.189036 -0.0626959 0.00547256 0.00591891 0.19084 0.0407 0.175439 0.0602047 0.0181488 -0.18622 0.0264831 -0.112486 -0.182149 -0.0442478 0.0587889 0.15748 -0.0859107 0.515464 -0.0949668 -0.0484496 0.621118 0.0566251 0.215983 -0.122549 -0.157729 0.0804505 0.17762 0 -0.257069 0.174216
0.0127779 0.00234445 0.00641519 0.0379075 0.123001 0.0247525 -0.123153 -1.6129 1.21951 0.055371 0.00886446 0.00262274 0.0109373 -0.103413 0.0937207 -0.793651 0.00541712 0.00549179 0.0144739 0.0579374 0.0501756 0.0674309 0.00215703 0.189036 -0.0626959 0.00547255 0.00591891 0.19084 0.0407 0.175439 0.0602047 0.0181488 -0.18622 0.0264831 -0.112486 -0.182149 -0.0442478 0.0587889 0.15748 -0.0859106 0.515464 -0.0949668 -0.0484496 0.621118 0.0566251 0.215983 -0.122549 -0.157729 0.0804505 0.17762 -16.6667 0 0.174216
0.0127779 0.00234445 0.00641519 0.0379075 0.123001 0.0247525 -0.123153 -1.6129 1.21951 0.055371 0.00886446 0.00262274 0.0109373 -0.103413 0.0937207 -0.793651 0.00541712 0.00549179 0.0144739 0.0579374 0.0501756 0.0674309 0.00215703 0.189036 -0.0626959 0.00547256 0.00591891 0.19084 0.0407 0.175439 0.0602047 0.0181488 -0.18622 0.0264831 -0.112486 -0.182149 -0.0442478 0.0587889 0.15748 -0.0859106 0.515464 -0.0949668 -0.0484496 0.621118 0.0566251 0.215983 -0.122549 -0.157729 0.0804505 0.17762 -16.6667 -0.257069 0