   8    6    1     239.12       1.00
   8    7    4     339.81       1.00
   9    7    0      -4.73       1.00
  10    8    5     101.68       1.00
  10    9    2      62.52       1.00
  11    6    3     294.49       1.00
  12    9    3      83.74       1.00
  12   10    7     506.26       1.00
  15    7    5     842.00       1.00
  15   12    9      56.94       1.00
  16   11    1      48.27       1.00
  16   14    4     621.69       1.00
  17   10    4     604.62       1.00
  18    1    5      19.33       1.00
  19    4    2     311.44       1.00
  19    7    3     132.89       1.00
  19   12    7     140.58       1.00
  19   19    1     -19.77       1.00
  20   14    2      27.81       1.00
  21    5    4       8.21       1.00
  22    9    2      15.39       1.00
  22   17    6     115.73       1.00
  23    4    3      85.34       1.00
  24   11   14      -1.34       1.00
  24   20   11      24.25       1.00
  25   10   12     -29.15       1.00
  25   10   14     -30.69       1.00
  25   20   12      54.31       1.00
  26   10   15      -5.57       1.00
  26   19   13       3.89       1.00
  27    3    8      41.80       1.00
  29   14    1     -29.59       1.00
  29   23    2     -40.33       1.00
  30    1   12      22.70       1.00
  30   23    2     -12.65       1.00
  31    3    1      18.10       1.00
  32    5    1     -28.63       1.00
  34   17    0      -6.68       1.00
  35   25    3     -33.20       1.00
