4.67262
11.1753
-6.28
-0.575107
-1.23472
33.913
-2.70186
0.921233
15.28
3.78275
-63.5
78.8661
15.5882
-12.6917
10.99
33
-6.125
227.612
911.8
0.00847874
1.46702
6.58364
36.619
-34.9386
-0.904762
-4.70874
9.4375
-3.12821
6.3619
-9.25166
23.7453
35.8142
8.63838
47.0182
18.09
86.55
-26.9752
-7.62
-3.36667
-18.4021
7.15315
13.033
5.42194
-3.51376
-6.61856
-2.67708
-37.4776
6.66102
-150.075
16.01
-59.2692
6.66102
0.483871
17.193
1.848
48.0455
9.01005
0
84.8857
13.94
6.752
-10.0221
819.75
4.12366
106.391
39.34
83.9
219.859
13.6541
715.143
-4.95946
24.8916
-24372.7
21.8065
5.71635
-77.6964
-36.3026
6.00487
1.0804
-104.133
-54.4493
0.00196288
-7.86667
1.66114
86.5349
0.290323
35.2759
12.97
302.486
-0.0833333
