104.944
-10
6938.17
11861.2
28.3
1905
33.4267
93.56
96.9078
3157.37
96.9078
3157.37
1418.24
59.5038
159.342
19.0678
2129.71
-37.4416
3.31834
1.64865
16003.4
228.108
1665.95
35.5526
2242.48
13602.7
300.8
69.1797
85.9186
35139.9
1206.4
32.8382
54.474
128.25
12240
1780.76
-881.284
1780.76
10105.1
39.4444
56.4645
126.17
10132.5
1416.87
6669.31
292.69
2624.41
12387.8
7882.26
6241.65
5568.49
13093.8
31.0569
3145.44
196.545
1240.89
60.1171
8762.88
11786.9
145.03
0.484848
1811.31
43.3608
25.9611
4.62564
152.52
173.485
4.34839
20.033
-11.1224
441.554
458.67
463.078
151.745
-2.42857
111.341
211.271
210.99
801.769
1616.23
66.81
20.8175
-1.31034
2763.69
60.2679
1653.57
5155.68
25.12
351.91
3422.42
868.792
51.65
107.348
24.7394
16.6183
39.4713
-152.35
7.62609
4725.85
109.08
50.3083
138.77
87.6739
4143.61
5838.49
187.81
78.5
269.556
49.4239
100.328
7466.85
4268.26
-12.7551
116.674
-12.7551
116.674
6110.05
182.741
32.1744
174.27
11.4822
61.1103
10925
126.2
16.8794
4474.49
435.706
28.2258
7769.83
65.83
35.1327
35.6944
6568.3
