(5 4 1) -5.4 1053.83
(4 4 2) 28.3 -7.67
(4 4 2) 50.14 17.88
(5 4 3) 136.64 31.1
(5 3 2) 11.25 228.31
(6 4 2) -28.83 50.98
(5 3 2) 1.83 26.4
(5 4 3) 8784.98 2538.09
(5 3 2) 301.6 -92.9
(5 5 2) 56.81 -16.6
(5 3 2) 104.59 -6.41
(5 4 3) -652.15 122.13
(4 4 2) 761.08 -62
(5 4 3) 4256.42 672.27
(5 4 1) 3557.74 86.88
(6 4 2) 3474.5 102.6
(5 3 2) 179.75 25.41
(4 4 2) 145.03 -10.81
(6 4 2) 0.48 295.98
(5 3 2) 9.02 39.81
(5 3 2) -10.9 1605.98
(5 5 2) 532.54 8.64
(5 4 3) -4.25 2.93
(5 4 3) 125.96 1204.36
(5 3 2) -121.88 54.55
(5 3 2) 1559.53 -39.95
(5 3 2) 60.37 3114.47
(5 4 3) 4609.72 8.94
(5 4 3) 55.34 56.73
(5 4 3) 155.1 728.07
(5 3 2) -332 61.91
(5 3 2) 8639.84 5.81
(5 4 3) -14.21 274.64
(5 4 3) -2.01 9826.56
(5 3 2) 12.56 -4.6
(4 4 2) 2802.04 -4.4
(5 3 2) 5.47 115.89
(5 3 2) 375.28 108.96
(5 3 2) 222.83 2362.75
(4 4 2) 26310.3 5.38
(4 4 2) 65.29 20.24
(5 4 3) 11062.7 703.4
(5 3 2) 117.46 10.01
(5 3 2) 33.43 27.06
(5 4 1) 7262.68 -0.16
(5 4 3) 110.39 4298.21
(5 5 2) 7.53 84.55
(5 4 1) 641.26 2.56
(5 3 2) -16.14 396.01
(5 3 2) 5574.6 96.17
(5 4 3) 4.6 40.56
(4 4 2) 97.45 -12.38
(5 3 2) 2986.11 103.99
(4 4 2) 371.03 4.28
(4 4 2) -34.73 76.24
(4 4 2) 371.03 4.28
(5 3 2) 55.91 151.46
(5 4 1) 98.32 18.48
(5 4 3) 12.86 141.47
(4 4 2) 206.59 281.84
(5 5 2) 149.76 14.18
(5 4 1) 372.35 23.96
(4 4 2) -8.07 -7.87
(5 3 2) 815.51 3598.93
(5 4 3) 541.64 2493.3
(5 5 2) 63.07 59.29
(4 4 2) 5808.36 83.18
(5 3 2) 116.93 193.83
(5 4 1) 500.94 187.43
(6 4 2) 7952.51 1293.65
(5 3 2) 4809.11 166.37
(4 4 2) 32.68 -15.34
(5 4 3) 56.27 12.89
(5 4 3) 82.65 2081.61
(5 3 2) 906.24 -21.59
(5 3 2) 9350.85 55.18
(5 3 2) 237.4 267.56
(5 3 2) 38.46 -2.23
(5 4 3) 488.74 1026.6
(5 5 2) -316.46 17.55
(5 4 1) 179 -2.52
(5 4 1) 47.18 -4.73
(4 4 2) -50.42 -12.82
(5 3 2) 21.96 -8.95
(4 4 2) 5252.76 523.34
(5 3 2) 197.38 -1.03
(6 4 2) 3814.98 8.62
(4 4 2) -3.72 7.96
(5 4 3) 96.86 271.1
(6 4 2) -6.2 5.33
(6 4 2) 182.4 -3.06
(5 4 1) 422.12 -33.55
(5 4 1) 34.33 -38.42
(5 4 3) 3369.37 4597.41
(5 3 2) 104.37 48.41
(5 4 1) 16280.3 588.97
(6 4 2) 30.22 257.28